[1] 1010110 10001001 0111 1100101101 1100111111 0110101
[2] 111101 0110001101 10001111 101010100 0101100101 0000111011 1101011100 0010110110 10110
[3] 010000000 111010010 111010010 01011001110 101010101 10001001 0111 111101 11101111 100110 1101101111 01001010 111010000 00111101001 101001100 10110
[4] 00100000111 00011000001 100000 0000111010 111111111100 0111 1101011100 1101011100 01100010011 01001111100 00000101110 10110
[5] 1110110 1111000 001001010 11000111 10101000 01011101110 010100010 0111 101010111 1101000101 00100011100 1010011100 01011111001 0010110111 01011101100 10110
[6] 01001101001 01001111110 00011100001 01001100010 00011100000 01001100011 0100001111 0001101011 111000011 100001 1101011000 0110101
[7] 011001 1000101 00100000110 01011000100 111110 110100101 111001011 1111000 00110111 10111 0111 001110010 111111011 00111111110 001011000 11100000 100000 000101010 10110
[8] 001110010 100110 111010010 111101 11100000 11000101 01001010 111010000 001110100 1101011001 0111 100000 10101110 111110 0000100011 00110010101 001110101 10111 111101 01001010 111010000 001110100 1101011001 10110
[9] 001110011 0110100 11110011 0111 011001 1000101 00011100110 1110110 100100 1100111110 1110110 1101010011 000010010 11011111 0100001111 0001101011
[10] 1010110 011001 111111101110 01011111111 1100100110 00110000100 10111 111000011 001110000 1100100100 111010001 1110001
[11] 0001011111 011000011 0001011011 1101011111 101010110 10111 00111111010 10110
[12] 100000 10101110 111110 110011001 110100100 1010011100 01001111010 00000000011 1110011 10110
[13] 1010110 10001001 0111 1100100110 010100011 000000111 10110
[14] 1111000 0001001 1100100010 110110100 100101010 100111100 100100 110100101 111001011 10111 001011000 001110100 0111 001110010 100110 111010010 11100000 111110 1111000 0001011000 100100 110000100 01011001111 100110 110011001 0001001 0001011101 10110
[15] 111101 110000100 11000101 101001010 0111 100001 11000000 000001110 0001001 0111 11011110 100001 1101110100 010000001 0111 111101 00110110 11000101 1101110100 010000001 0111 111101 110000100 11000101 1101110100 010000001 10110
[16] 101010110 01010100100 101001111 01101101 111001000 010100000 0111 101001111 01101101 110111001 010100000 0001011011 111010101 101001000 000000111 01001010 10101001 1100001010 01010101001 000001110 0001001 10110
[17] 11011110 00110110 0110111 00001100011 100110 111111011 01011101001 000111110 1101100111 00110111 00101000001 1110011 0111 111000011 10001001 0111 1101100111 01001000 1001011 10001101 111110 00010100010 111111011 01100010001 00000001100 1110011 0111 00110111 00110011000 0010110101 111111011 100110 01000101101 10110
[18] 00101111 0010101111 01001010 10101001 1110011 0111 10101001 100100 11000000 0010011011 10111 100101010 100111100 01101100 01011001101 1100001010 0111 100000 10101110 111101 00111011001 1101010001 01001101010 0100000111 00100011111 100110 01001000 00110100111 00001000001 00101110 00100000100 111111101100 111001011 10001000 00001100110 00010110101 0000101011 00111101110 00111111101 01100000000 0001000 111010100 10110
[19] 111101 111001010 01010111110 1110011 01001101000 101001001 110100100 0000101010 000101011 0000001000 010110110 0111 11000111 100001 111101 100110 1000101 110011010 0111 11000111 100001 111101 111110 100001 10001111 111101 0110100 000111100 10111 0110101 101000111 11000011 10111 1111000 0001001 0111 1110110 1101010011 000010010 11011111 0111 101001001 000000111 101000111 11000011 10100000 0001000 10111 0111 11100000 11011110 100001 0110100 000111100 1110001 11000111 100001 111101 100001 1110001 100111010 110011010 0111 101001001 110100100 101000111 11000011 11000001 100100 11000111 111110 100100 1101000010 001011000 111001011 01011110101 10111 000001111 1101110001 01010110101 1100001011 0110101 11000111 100001 111101 111111001000 100001 01011000101 00110011001 10111 100000 01001011 111010110 00001000010 0000101001 1110001
[20] 111101 11101110 100000 11101110 0000101010 1001011 10001101 111110 000001000 100100 001001011 111010111 11000110 10111 100110 1000101 0110100 000111100 1110001 10010100 110011001 10100000 0001000 1110110 11000100 01010011 111001010 0111 10100000 0001000 110011011 110110000 11111100000 111010111 00101110 01010010 1100100000 10100000 0001000 10111 0111 11100000 111110 111101 10111 0000001010 00110110 1110001
[21] 000111111 000111111 000111111 000111111 1110001 111101 101010101 10111 11000001 100100 111010001 1110001 111101 11101110 100000 11101110 111110 101000111 11000011 010011101 101010110 01011110100 11000001 100100 0000001010 00110110 01001010 1001011 10111 1110001 100000 100111010 100000 100111010 1110001 100111010 111010001 1110001 111101 0110111 1100101111 100111011 000000110 1110011 101001101 00000001010 1110001 0110101 1110001 0110101
[22] 0001011111 101001111 01101101 1101011111 101010110 0100001001 0111 00000001000 110111001 01101101 1101011111 101010110 101001010 10110
[23] 111101 11000101 01000101110 111111110011 100110 1000101 00001000000 01000101010 010001100 10110
[24] 111101 0000101101 00011011010 11011110 100001 11110011 010100010 10001100 0111 0100001110 100101011 001110100 1101011001 10110
[25] 000001110 0001001 100100 1111000 0101011101 0111 100111001 0001001 1100100010 110110100 100100 00100001101 00111100110 0111 11000111 100001 111101 0000101111 100100 010111000 00101111 10110
[26] 011001 1000101 1100101101 1100111111 10111 1100100111 01000100111 0010001011 0010001000 000001101 100000 01010101111 0100000100 10110
[27] 01001001 110100100 10010100 111110 111101 10001111 111000010 10110
[28] 1010110 11110011 10010100 111110 10100000 0001000 0100011101 001011001 1110001 11110011 111010100 001010010 111000011 11000000 111000011 11000000 1100111001 0111 10001001 1101101100 111110 100110 1000101 01010101000 0010001001 00011000010 1110001 100001 1101011000 0111 1010110 00010100100 1001011 11110011 110011010 10110
[29] 111111001001 11111110001 111111110111 01010010 100110 000111110 100100 0001100110 00001100001 0111 000010010 11011111 100110 000111110 100100 01011001100 010011101 0111 100111111 110101010 00010100111 100100 00101010100 001110101 1100111001 1110001
[30] 011001 111110 1101101101 01010010 10111 01010011 111111010 0111 1100101110 1101101110 100000 11101110 100001 1110110 11110011 010100010 101001100 10110
[31] 011001 000101010 111010100 111110 100110 1000101 1101101101 01010010 10111 01010011 111111010 10110
[32] 011001 1000101 01010011 111111010 10001101 100000 1100100001 1101101101 01010010 10111 1110011 0111 100111111 111110 10101111 111110 0110100 110101011 100000 111001010 0111 1010110 0100110011 0101101001 111101 1111000 0001001 10111 0100001101 01010100110 100101010 100111100 101001100 0111 100001 10010100 110011001 110011010 1110001
[33] 011001 10001101 111110 11000011 11101111 100100 101001111 110111001 1100101010 111001000 010100000 110111001 0011010100 011000011 01101101 10001110 10111 100111101 1101000001 010001101 1100111101 10110 11110011 0110111 011001 100110 00110011111 111101 100000 01000100101 110110001 01100000101 0111 0101011001 111001001 011001 111110 111101 100110 1111000 11000110 00111111011 0001100101 100100 00100001100 0011001000 11000110 10111 111111101001 0001011100 10110 00110110 0001011100 100110 01001000 1010110 100100 00111111000 001110101 0000100011 00011011000 10110
[34] 111101 0000111111 0000111111 100111011 000000110 1101110111 1001011 1110110 11000100 10111 01100011100 0000101000 0111 11000011 11101111 10111 100111011 00110110 0000111101 00010100101 0100011100 1111000 000001000 010001101 1100111101 0100011100 100111011 000000110 00100110010 1100111101 00100001010 00111110011 1100100100 0001101111 00111100001 11101110 111110 10100000 0001000 111010100 001010010 10110
[35] 111101 11101111 11110010 1111000 11110010 100111101 0111 10001000 100000 0001100011 1101001110 0000111110 110011000 1101100100 0111 1101010000 1101010000 00101000111 111111101010 011001 00100111101 00101000011 00100100001 00110000011 0000111100 0000111000 1110110 11000100 10111 111010010 00101111 0111 111010101 100101011 01010011 111001010 10110
[36] 0000101101 10101000 111101 11101111 11011111 01000101000 00110001000 00110000000 1101110110 1101001111 0001101000 0001101000 1100100011 01001100000 011001 0000101011 1101000101 111111010 101000100 0010001101 0010001000 100000 01001011 11011111 0100000101 10101001 10110 01001011 00110101100 001001010 101010101 10111 0000101110 0110111 1110011 0111 111101 11101111 11000000 000001111 1101110001 11101110 01001100001 0100001010 00100110001 00111100010 0111 10101000 000101010 11111110001 111010000 0101100101 0000111011 11011111 000111010 10111 010111000 000101011 1110110 0111 11111100110 100111010 00101000101 01011111000 10111 10101001 01011111110 01010011 111001010 00000101101 1100101111 00000001111 0010110100 00111011110 01100011101 10110
[37] 111101 0100000111 1100001011 0110111 1110011 100110 0100001011 1101110111 111010110 10111 11011111 0010011011 00111111001 100111001 10110
[38] 100001 1110110 100100 111010001 1110001 100001 1110110 11011111 00001101010 0110111 111101 111010001 1110001
[39] 111101 111110 100000 111110 01101100 1101001101 100100 1110011 100110 1000101 00111110111 00111101010 001110101 1110001
[40] 001110010 100110 111111011 00110011101 1001011 0111 111101 11100000 100000 0101101000 00111110110 110101010 100110 111111011 010111001 1111000 1110011 10100000 0001000 10110
[41] 111101 1100101110 1101101110 0100001110 100101011 0101010001 0100001100 0111 10101111 111110 1100101110 1101101110 0000101111 01001000 1001011 100111011 000000110 1110001
[42] 1111000 11000001 10101111 111110 1100001010 1101110000 0111 011001 111110 100110 1000101 010011100 11111100111 10110
[43] 111101 110000100 11000101 0101011100 0111 111101 110000100 11000101 01010101101 10110
[44] 111101 00100111111 1110011 10110
[45] 100000 0111 1010110 1001011 10111 01000101001 111111111101 1110011 0111 111101 000001100 010110111 100111101 1110011 10110
[46] 111101 11110010 01000111101 0110100 0111 01001001 11110010 0001011001 0110100 0111 11000111 100001 00101011010 00111100011 10110
[47] 01001001 110100100 111101 11101111 01101100 1101001101 100100 0001011101 00011100111 00101110 100000 00100100010 0100000100 0000101001 10111 00001101100 00100100011 11000110 0111 0101011001 111001001 111101 11101111 111110 11000001 100100 1101000000 010111000 001010010 00101110 00110100101 101010100 01010110110 0000000011 110011000 1101001111 10111 1110110 11000100 10110
[48] 01001011 0000111101 1100001011 111010111 1101001111 110011000 1101011101 10110 1110110 11000100 100100 111001000 1100101010 1100111011 0110001010 0100110111 111111101000 00001100100 01001101011 0101100000 10111 01100000010 1100111100 01001000 010111001 10101001 0111 10101001 0100000101 00111101101 0001011110 100110 1000101 01011110111 1100111100 100111100 00110111 0111 11111100011 110110100 00001101011 10101001 00110001001 010001101 110110100 1101100100 0000101000 10110
[49] 011001 1000101 01011111101 0010001011 111110 01011110010 1100111100 00011100010 01010101110 10100001 10111 01100001011 1101001110 01100001000 01000100001 1100111001
[50] 00100111000 00010100001 101001111 110111001 1100101010 111001000 010100000 110111001 0011010100 011000011 01101101 10001110 0111 01100000111 100111110 101001101 10001110 010000001 00010100110 01010101100 111010000 1110110 11000100 0000111100 0000111000 110011000 00110100110 0111 111101 11101111 001010011 0110100 000111100 00110011011 11000001 1101000000 1101001110 0000111110 0111 1101011110 101000110 01011110011 000010011 0010000000 01011101010 10111 1110110 1101100100 00010110100 00101011001 0111 01100000100 101000100 00000101111 00111110100 01100010010 11111100110 110011000 0011001000 10110
[51] 111101 11000101 0100001001 0111 111101 11000101 101001010 0111 111101 11000101 0101011100 0111 111101 11000101 01011110001 10110
[52] 111101 100100 0100110010 100111001 0001001 1100100010 110110100 10110
[53] 0101011000 0111 101001001 110100100 0111 100100 1101110111 1001011 0111 10010100 110011001 1111000 0001001 11101110 0110001011 111101 001110001 101000110 0100001010 111001010 101001100 0111 100000 10101110 0111 10010100 111110 10001000 10100001 10111 1101000101 1101100110 1110011 10110
[54] 01001011 00110010100 110011010 0111 11011110 100001 01010111111 1001011 0000101110 0110001100 00000000010 0111 00101110 00101111 00111101011 110101010 10111 01010100101 00100111110 111111100101 1101101111 1001011 10101111 111110 100001 111000011 11000000 00100100110 00110000001 10111 0111 100000 10101110 000111101 00110000101 1101001100 1001011 10110 010111000 1001011 111101 011001 0001000 10001001 0100110010 111010001 1110001
[55] 11011110 00110110 0110111 011001 0001100111 1101011011 0010101110 00110001010 101010100 111110 01000100100 111111100111 011001 0001000 101001101 10111 101001010 01000100110 0110101 011001 111010100 100110 1001011 0111 11000000 0001100110 00100111011 101001001 001010011 0110111 1001011 0111 110110001 1111000 0001011000 10111 0101100100 1111000 000001111 1101110001 01001001 11000000 11111110000 110011010 0110101 110110101 110110101 110110101
[56] 11000011 01010110100 1101011010 01101100 01010101010 01000100000 10111 1101000100 000010011 000001110 0001001 1100101000 1101010001 0101010001 0100001100 0111 11000111 010100010 011001 1101000100 000010011 1100101000 1101010001 11100000 100110 00001100010 01100010000 1101100111 1101011010 0100000110 0001100010 0111 100110 1100101001 00000000000 0010110100 1110011 00101111 01001000 10110
[57] 00010100011 0000000011 1101000100 111010010 0111 00100111001 11110011 100110 1110110 0110101
[58] 01000111100 01001111101 1010110 010100011 001110000 1110011 011001 110011001 01010011 111111010 10111 0001101010 0100110110 0111 110110101 110110101 110110101 1010011101 1010011101 1010011101
[59] 011001 1100101001 000111101 11011110 100001 10101000 101010111 10111 0110100 110101011 01001011 10001000 1100100110 010100011 0111 10101000 101010111 11110011 0110111 011001 1100101001 000111101 10111 1110110 11100000 000001100 010110111 00001101000 00110111 001001011 111010111 1110011 10110
[60] 00000001110 1110011 0101010000 100101011 00101110 111111110001 00101000010 10111 000001001 101001011 0111 111010011 11110010 1111000 10101111 010111001 10101001 0111 0010101000 1101000110 11011110 100001 00011100011 010011101 10111 000001001 101001011 0111 10101111 111110 100001 0011000110 0000001011 00100001011 0000100010 00000001001 10111 0011000110 0000001011 000001001 101001011 0101010000 100101011 11000001 100100 0111 011001 00001101101 10001000 00110011010 0000111010 0111 11000011 01001001 111110 100100 00111101111 0100001101 0001101111 111010110 10100001 01011101101 001110011 0110100 0110111 10111 0111 011001 01101100 11000011 00100011101 110011000 111001001 1111000 0001001 1100101111 00111110001 00101010111 10110
[61] 010110111 10101110 01010010 0001011110 000010011 1100101000 111111001011 0111 00101110 011000011 01101101 01011000110 10111 01011110110 00110100010 0111 111010011 11110010 1111000 0001101110 100101010 01001010 1110011 11000000 00100001111 10111 1100100111 1101100101 10110
[62] 111001000 01101101 01101101 100111110 10001110 10100001 0111 111010011 11110010 1111000 10101111 111110 11101110 1101001100 0011000111 1101101111 10010100 1000101 01101100 000101010 11000100 11111100010 01011010110 10111 01100001001 0010011010 01001000 00100001000 10110
[63] 1010110 11110011 0110111 11000011 11101111 0111 1010110 10111 00100001110 11101110 10001111 100111001 01010110111 00000001101 0111 10001101 1101101100 10001100 0001100101 100100 1010110 10111 0101101000 0011000111 11000110 100110 111010100 10110
[64] 010001100 01011111100 0111 101000101 00111011000 000111011 110101010 00001100000 0010110110 10110
[65] 01000101011 01010111100 0111 11000111 11011111 0111 1101100101 111000010 10110
[66] 011001 100110 100111000 11100000 11111111101 11110010 0110100 110101011 10110
[67] 111010011 1101110000 111010101 101001000 0111 000111110 0000001000 001001011 111010111 10110
[68] 100111111 0010101000 1101000110 111110 00111011100 00011011001 01001001 100000 1100100001 111010101 101001000 11000001 100100 10111 0111 1100111011 0110001010 0100110111 10001110 10100001 0111 100110 100111000 10111 100110 100111000 11100000 11101110 00100100101 111111110010 10110
[69] 011001 100000 111110 10100000 0001000 0001101010 0100110110 0111 100111111 111110 0010101001 11011110 100001 101001101 1100100001 1110110 111010110 101000101 0111 111110 11011110 100001 00111110010 1101011000 0111 10101111 111110 101010101 10111 11011110 100001 11011111 000111010 1110011 010100011 0111 111101 100000 111010110 101000101 10110
[70] 100111101 1101000001 100000 01001011 01100000001 0111 100111101 1101000001 111110 00110000111 0010001100 10111 0100000110 01000111111 0111 01001011 01011101000 00000001011 0010001100 10110
[71] 0000100010 111111101101 11110010 00111111100 10111 001001011 111010111 11000110 0111 11110010 1100100011 10111 0001100010 01011101111 100101010 100111100 100100 1111000 0101011101 0111 111010101 0010011010 11011110 100001 1110110 111010110 101000101 111001001 10100000 0001000 10110
[72] 100001 1100111010 1101110101 1111000 0001001 0111 001110011 0110100 1100111010 1101110101 0110101
[73] 1101000111 1100100101 1100100000 0100110011 0101101001 111101 11101111 0111 100001 1101110110 110100101 111001011 000001101 01001111011 101010101 01010111101 10111 110100101 111001011 10110
[74] 111010101 101001000 10111 111010011 11110010 1111000 0000101100 0101100001 000001000 1101011010 10110
[75] 00111101100 111010110 101000101 10001111 111000010 100001 00111100000 111111110110 10111 11011111 000111010 0111 010001100 10001000 10001100 11111111101 100000 111111100110 00101010101 10111 00110110 1101000110 1100111110 011001 0100001011 11011111 000111010 00100011110 01011111010 01100011110 10001111 111000010 00110011110 1001011 1100111010 1101110101 10111 0100011101 001011001 10110
[76] 110011011 110110000 000001101 11110010 00110101111 0110100 0111 101010100 10001100 01001001 000001101 100000 00001100111 0001011001 10110 10001100 11000111 111110 0011001001 0011001001 11110010 1101100110 110110001 000001100 10110
[77] 111010010 00101111 00011100101 010001101 11111100001 110011011 0111 00001101110 1100111011 1001011 010000000 11111100001 110110000 10110
[78] 1110110 0001101110 111110 0110001011 10001111 111000010 001110001 101000110 110011011 110110000 10111 11000110 1100100100 10110
[79] 011001 1000101 1100101101 1100111111 0001101001 0001101001 111110 00101000110 00111101000 10111 0111 100100 10001100 10001000 1101011101 10100000 0001000 11100000 11011110 100001 0111 10001100 11000111 00101010110 101000110 111001001 11111100011 110110100 110110001 1101010000 11111111100 100000 100111001 10111 10001100 10001111 111000010 00111011101 10001100 10001111 111000010 10001101 111110 100110 100111000 10110
[80] 001110001 110011011 110110000 10111 00111100111 111010011 00110111 111001001 010110110 0010000000 00000101100 111111101111 0111 111101 11101111 10111 00101000100 00110010111 100000 10101110 111110 00100111100 11111110000 00100100100 101001011 11000110 10111 100110 111111101011 111111111111 00111011010 10110
[81] 01001111111 0110100 110101011 01100000110 011001 1000101 00110100011 111111010 101000100 10001101 111110 1110110 11000100 010111001 111001010 10111 11111111100 0100001000 0000001001 0111 0000001001 00110101110 10101110 10100001 00111011111 0100001000 0000101100 0101100001 10110
[82] 010001100 100001 00100110000 010011101 10111 0110100 110101011 11100000 1101101100 00110100000 00101011000 0111 010110110 001010011 01101100 11000001 100100 10111 00111100100 101001010 111111110101 00101000000 111111100100 1100100011 10110
[83] 001110001 11000001 100100 111111010 101000100 00110111 111001001 01000111110 0101100100 0111 111101 11101111 100000 10101110 111110 001011001 001011001 01000101111 0101100000 01011111011 1101011011 110101010 01000100011 10111 111010101 101001000 00011100100 00001101111 10110
[84] 0110001101 1101100110 100000 10101110 111110 101001101 00100100111 01010100111 10111 00011000011 01100000011 0111 0010101001 11000101 111101 11101111 1100111110 100110 1111000 111010000 00010100000 10101111 011001 0000000010 1101011110 1100100000 00110100100 00100110011 10110
[85] 00100001001 00001101001 111110 0000111001 0001100100 000000111 0010001001 111111110100 10111 00110001011 000111101 0111 110110001 0000111001 0001100100 111111010 101000100 111110 110100101 111001011 01010010 1111000 00110111 00111110000 10111 00110101101 101010100 01011010100 0001001 10110
[86] 111101 11101111 1111000 000001000 100100 100110 1000101 00111011011 11110010 00011000000 10111 10111 110011011 110110000 11000110 10110
[87] 0010110111 1101011101 1110110 00111110101 0001100011 10110
[88] 0101011000 1110001 11110011 111010100 001010010 011001 10001101 111110 00100000101 00110010110 1110011 0111 111000011 10001001 0111 010110110 1101000000 1101000010 1101011110 01001010 1111000 0001001 1110011 10110
[89] 11000000 1101110000 01100011111 111110 01001111000 01011000111 10111 0111 100111111 111110 010011100 11111100111 111110 0111 101010111 1101110110 11101110 0110111 1001011 1110001 110101010 100110 111111011 10111 0001100111 1101011011 0010101110 000001100 010110111 10101110 111010000 01010010 100111110 10001110 1110011 0111 011001 0001000 01011101011 0111 01001000 100110 111111011 11000000 000001111 0010001101 00001100101 010100001 10001110 10100001 10001101 11101110 1001011 101001100 10110
[90] 1010110 111110 1110110 11000100 10101111 111110 1100101011 1100101100 1110001 10101000 0010000001 1010110 111110 1100101011 1100101100 0111 10010100 0001000 1100111000 1010110 010011100 10001001 10110
[91] 1010110 111110 1110110 11000100 10101111 111110 1100101011 1100101100 1110001 10101000 0010000001 1010110 111110 1110110 11000100 0111 10010100 0001000 1100111000 1010110 010011100 10001001 10110
[92] 00100100000 0110001100 001010011 00111111111 0111 1110110 11000100 01001111001 0000000010 10110
[93] 0011010101 0000010100 0000010101 0111 1010110 11101110 11110011 0110111 011001 1000101 1101000111 1100100101 111010001 1110001
[94] 000111011 1101000011 0110101 000111011 1101000011 0110101 000111011 1101000011 0110101 0110101
[95] 000010010 11011111 010100001 1101010010 0110101 1111000 0001001 010100001 1101010010 0110101 111111111110 10101001 010100001 1101010010 0110101
[96] 111101 100100 1010110 111111110000 11000110 11110011 0110111 1110011 0011010101 0000010100 0000010101 10111 00111100101 111111001010 10110
[97] 10101000 010000000 1010110 111110 01000101100 1110110 0111 111101 111110 01011010101 1110110 10110
[98] 111101 01101100 1101001101 100100 1110011 11000110 01010011 01000100010 11000110 10110
[99] 110100101 10100001 11000011 001110000 000101011 1101001100 0110111 00000000001 00101111 0111 01011110000 01010101011 101000111 10101000 101010111 01100001010 11111100010 100001 1100100111 1101100101 000001001 101001011 00101110 1111000 00110000010 00110100001 01011010111 0111 110110001 00101111 0010101111 10111 1101000111 1100100101 0111 111010011 11110010 1111000 01001001 001110011 0110100 0110111 1110011 0111 001110000 000101011 1101000010 001011000 00110011100 00001000011 1101010011 101000110 10110
[100] 11110011 1100111000 11111100000 111010111 0111 0010001010 001001010 00101011011 00011011011 00110000110 00100111010 0111 0010001010 001001010 11110011 0110111 1110011 111001000 100111110 10001110 10001000 10100001 0111 100110 100111000 10101000 010000000 10111 0110100 110101011 11100000 100000 0010110101 11000001 100100 10111 111001000 100111110 10001110 10001000 10100001 10110